,A,C,D,E,F,G,H,I,K,L,M,N,P,Q,R,S,T,V,W,Y,-
0,0.0,0.0,0.0,0.0,0.0,0.0,0.0,0.0,0.0,0.0,1.0,0.0,0.0,0.0,0.0,0.0,0.0,0.0,0.0,0.0,0.0
1,0.10660980810234541,0.0042643923240938165,0.006396588486140725,0.0042643923240938165,0.029850746268656716,0.03837953091684435,0.06183368869936034,0.03624733475479744,0.17057569296375266,0.06609808102345416,0.021321961620469083,0.021321961620469083,0.04051172707889126,0.046908315565031986,0.1513859275053305,0.0511727078891258,0.023454157782515993,0.07462686567164178,0.021321961620469083,0.023454157782515993,0.0
2,0.046908315565031986,0.0042643923240938165,0.01279317697228145,0.014925373134328358,0.13859275053304904,0.05970149253731343,0.029850746268656716,0.057569296375266525,0.019189765458422176,0.16417910447761194,0.019189765458422176,0.029850746268656716,0.05543710021321962,0.019189765458422176,0.05543710021321962,0.14498933901918976,0.0511727078891258,0.03624733475479744,0.019189765458422176,0.021321961620469083,0.0
3,0.04477611940298507,0.0021321961620469083,0.010660980810234541,0.006396588486140725,0.09808102345415778,0.0255863539445629,0.014925373134328358,0.053304904051172705,0.06396588486140725,0.14498933901918976,0.010660980810234541,0.03624733475479744,0.0511727078891258,0.03837953091684435,0.07249466950959488,0.16417910447761194,0.1023454157782516,0.019189765458422176,0.006396588486140725,0.03411513859275053,0.0
4,0.053304904051172705,0.006396588486140725,0.006396588486140725,0.008528784648187633,0.06183368869936034,0.029850746268656716,0.017057569296375266,0.0767590618336887,0.05970149253731343,0.11087420042643924,0.0255863539445629,0.057569296375266525,0.042643923240938165,0.03837953091684435,0.06396588486140725,0.16417910447761194,0.10021321961620469,0.03624733475479744,0.014925373134328358,0.0255863539445629,0.0
5,0.07249466950959488,0.017057569296375266,0.010660980810234541,0.0042643923240938165,0.07036247334754797,0.029850746268656716,0.017057569296375266,0.07889125799573561,0.03837953091684435,0.17270788912579957,0.017057569296375266,0.014925373134328358,0.053304904051172705,0.031982942430703626,0.046908315565031986,0.1535181236673774,0.08528784648187633,0.042643923240938165,0.014925373134328358,0.02771855010660981,0.0
6,0.07462686567164178,0.029850746268656716,0.0042643923240938165,0.0021321961620469083,0.08528784648187633,0.04477611940298507,0.021321961620469083,0.0767590618336887,0.03411513859275053,0.23667377398720682,0.023454157782515993,0.008528784648187633,0.03624733475479744,0.017057569296375266,0.04904051172707889,0.09381663113006397,0.0511727078891258,0.07249466950959488,0.017057569296375266,0.021321961620469083,0.0
7,0.07462686567164178,0.010660980810234541,0.01279317697228145,0.010660980810234541,0.06183368869936034,0.031982942430703626,0.008528784648187633,0.07036247334754797,0.02771855010660981,0.22388059701492538,0.010660980810234541,0.017057569296375266,0.03624733475479744,0.0255863539445629,0.053304904051172705,0.10660980810234541,0.10660980810234541,0.07249466950959488,0.021321961620469083,0.017057569296375266,0.0
8,0.14925373134328357,0.017057569296375266,0.0042643923240938165,0.010660980810234541,0.06183368869936034,0.04477611940298507,0.01279317697228145,0.06183368869936034,0.01279317697228145,0.23880597014925373,0.021321961620469083,0.010660980810234541,0.03624733475479744,0.01279317697228145,0.053304904051172705,0.09594882729211088,0.053304904051172705,0.0767590618336887,0.014925373134328358,0.010660980810234541,0.0
9,0.17057569296375266,0.014925373134328358,0.0021321961620469083,0.0,0.057569296375266525,0.0511727078891258,0.010660980810234541,0.03837953091684435,0.017057569296375266,0.3070362473347548,0.01279317697228145,0.010660980810234541,0.021321961620469083,0.014925373134328358,0.03411513859275053,0.07462686567164178,0.04904051172707889,0.08315565031982942,0.010660980810234541,0.019189765458422176,0.0
10,0.17697228144989338,0.023454157782515993,0.0042643923240938165,0.0042643923240938165,0.05970149253731343,0.042643923240938165,0.0021321961620469083,0.06183368869936034,0.010660980810234541,0.26865671641791045,0.017057569296375266,0.008528784648187633,0.03837953091684435,0.010660980810234541,0.017057569296375266,0.08742004264392324,0.057569296375266525,0.06823027718550106,0.017057569296375266,0.023454157782515993,0.0
11,0.17697228144989338,0.02771855010660981,0.0,0.0021321961620469083,0.053304904051172705,0.02771855010660981,0.0042643923240938165,0.046908315565031986,0.0042643923240938165,0.302771855010661,0.021321961620469083,0.008528784648187633,0.02771855010660981,0.01279317697228145,0.029850746268656716,0.10660980810234541,0.06609808102345416,0.06609808102345416,0.006396588486140725,0.008528784648187633,0.0
12,0.208955223880597,0.014925373134328358,0.0,0.0042643923240938165,0.05543710021321962,0.05543710021321962,0.008528784648187633,0.06183368869936034,0.010660980810234541,0.2857142857142857,0.010660980810234541,0.006396588486140725,0.019189765458422176,0.008528784648187633,0.010660980810234541,0.06396588486140725,0.06609808102345416,0.08955223880597014,0.0,0.019189765458422176,0.0
13,0.16417910447761194,0.02771855010660981,0.0042643923240938165,0.0042643923240938165,0.05543710021321962,0.06823027718550106,0.008528784648187633,0.04051172707889126,0.006396588486140725,0.302771855010661,0.02771855010660981,0.006396588486140725,0.01279317697228145,0.006396588486140725,0.0,0.1023454157782516,0.07462686567164178,0.07462686567164178,0.0021321961620469083,0.010660980810234541,0.0
14,0.18976545842217485,0.021321961620469083,0.006396588486140725,0.0021321961620469083,0.042643923240938165,0.03837953091684435,0.0021321961620469083,0.05970149253731343,0.006396588486140725,0.26439232409381663,0.019189765458422176,0.010660980810234541,0.017057569296375266,0.021321961620469083,0.010660980810234541,0.12366737739872068,0.08955223880597014,0.046908315565031986,0.019189765458422176,0.008528784648187633,0.0
15,0.17484008528784648,0.023454157782515993,0.0042643923240938165,0.0,0.06183368869936034,0.05970149253731343,0.014925373134328358,0.05543710021321962,0.0042643923240938165,0.22174840085287847,0.023454157782515993,0.01279317697228145,0.023454157782515993,0.0042643923240938165,0.010660980810234541,0.11727078891257996,0.08102345415778252,0.08742004264392324,0.006396588486140725,0.01279317697228145,0.0
16,0.2068230277185501,0.02771855010660981,0.006396588486140725,0.0021321961620469083,0.07036247334754797,0.05543710021321962,0.014925373134328358,0.0511727078891258,0.0,0.2537313432835821,0.014925373134328358,0.008528784648187633,0.0511727078891258,0.019189765458422176,0.01279317697228145,0.06183368869936034,0.05970149253731343,0.06609808102345416,0.006396588486140725,0.010660980810234541,0.0
17,0.2025586353944563,0.023454157782515993,0.010660980810234541,0.0021321961620469083,0.05543710021321962,0.06609808102345416,0.0255863539445629,0.046908315565031986,0.006396588486140725,0.16204690831556504,0.014925373134328358,0.021321961620469083,0.0511727078891258,0.0255863539445629,0.008528784648187633,0.11087420042643924,0.0767590618336887,0.07462686567164178,0.0021321961620469083,0.01279317697228145,0.0
18,0.16631130063965885,0.023454157782515993,0.010660980810234541,0.0021321961620469083,0.053304904051172705,0.053304904051172705,0.0255863539445629,0.042643923240938165,0.010660980810234541,0.1812366737739872,0.006396588486140725,0.008528784648187633,0.08955223880597014,0.029850746268656716,0.01279317697228145,0.11727078891257996,0.053304904051172705,0.08102345415778252,0.006396588486140725,0.0255863539445629,0.0
19,0.16204690831556504,0.010660980810234541,0.01279317697228145,0.0042643923240938165,0.023454157782515993,0.057569296375266525,0.017057569296375266,0.04904051172707889,0.0021321961620469083,0.1535181236673774,0.008528784648187633,0.008528784648187633,0.11513859275053305,0.04477611940298507,0.017057569296375266,0.11300639658848614,0.06609808102345416,0.11727078891257996,0.0021321961620469083,0.014925373134328358,0.0
